compulsory_predict
     Point Forecast   Lo 80   Hi 80   Lo 95   Hi 95
2024        1662384 1615071 1709698 1590024 1734745
2025        1629434 1562522 1696346 1527101 1731767
2026        1602655 1520705 1684605 1477323 1727986

high_school_predict
    Point Forecast    Lo 80    Hi 80    Lo 95    Hi 95
2024       572259.9 513145.5 631374.3 481852.2 662667.6
2025       570889.7 511775.3 630004.1 480482.0 661297.4
2026       540504.2 481389.7 599618.6 450096.5 630911.9

higher_predict
    Point Forecast    Lo 80    Hi 80    Lo 95    Hi 95
2024       724004.0 705189.0 742819.0 695229.0 752779.0
2025       726559.5 707744.5 745374.5 697784.5 755334.5
2026       749094.9 730279.9 767909.8 720319.8 777869.9